{
 "cells": [
  {
   "cell_type": "markdown",
   "metadata": {},
   "source": [
    "### Latent Variable Models"
   ]
  },
  {
   "cell_type": "code",
   "execution_count": null,
   "metadata": {},
   "outputs": [],
   "source": [
    "import math\n",
    "import matplotlib.pyplot as plt \n",
    "import numpy as np\n",
    "import pandas as pd"
   ]
  },
  {
   "cell_type": "code",
   "execution_count": null,
   "metadata": {},
   "outputs": [],
   "source": [
    "from sklearn.datasets import make_blobs\n",
    "X, y = make_blobs(n_samples=420, centers=3, n_features=2, random_state=40, cluster_std=1.6)\n",
    "\n",
    "df = pd.DataFrame(dict(x = X[:, 0], y = X[:, 1], label=y))\n",
    "\n",
    "colors = {0:'magenta', 1:'magenta', 2:'magenta'}\n",
    "colors_1 = {0:'DeepSkyBlue', 1:'purple', 2:'yellow'}\n",
    "fig, axes = plt.subplots(nrows=1, ncols=2, figsize=(9, 5))\n",
    "print (axes)\n",
    "grouped = df.groupby('label')\n",
    "for key, group in grouped:\n",
    "  group.plot(ax=axes[0], kind='scatter', x='x', y='y', color=colors[key]) #label=key)\n",
    "  group.plot(ax=axes[1], kind='scatter', x='x', y='y', color=colors_1[key], label=key)  \n",
    "\n",
    "axes[1].set_title('Dataset with Labels', fontsize=12)\n",
    "axes[0].set_title('Samples from Make_Blob Dataset', fontsize=12)\n",
    "plt.tight_layout()\n",
    "# plt.savefig('/content/gdrive/My Drive/Make_Blobs.png', dpi=200)\n",
    "plt.show()\n"
   ]
  },
  {
   "cell_type": "code",
   "execution_count": null,
   "metadata": {},
   "outputs": [],
   "source": [
    "### Use the same data-set and Use K-Means \n",
    "from sklearn.cluster import KMeans\n",
    "X, y = make_blobs(n_samples=420, centers=3, n_features=2, random_state=40, cluster_std=1.6)# same as before\n",
    "\n",
    "kmeans = KMeans(3, random_state=0)\n",
    "lab_K = kmeans.fit(X).predict(X)\n",
    "\n",
    "fig = plt.figure(figsize=(7, 7))\n",
    "plt.scatter(X[:, 0], X[:, 1], c=lab_K, s=40, cmap='viridis')\n",
    "plt.show()"
   ]
  },
  {
   "cell_type": "code",
   "execution_count": null,
   "metadata": {},
   "outputs": [],
   "source": [
    "### Use the Same Make Blobs Model  But Now Gaussian Mix Model \n",
    "from sklearn.mixture import GaussianMixture\n",
    "X, y = make_blobs(n_samples=420, centers=3, n_features=2, random_state=40, cluster_std=1.6)# same as before\n",
    "# X = X[:, ::-1]\n",
    "gmm = GaussianMixture(n_components=3).fit(X)\n",
    "labels = gmm.predict(X)\n",
    "\n",
    "probabs = gmm.predict_proba(X)\n",
    "sizes = 50* (probabs.max(1)**2)\n",
    "\n",
    "\n",
    "fig = plt.figure(figsize=(9, 5))\n",
    "plt.subplot(1, 2, 1)\n",
    "plt.scatter(X[:, 0], X[:, 1], c=lab_K, s=40, cmap='viridis')\n",
    "plt.title(\"Hard Clustering with K-Means\")\n",
    "\n",
    "plt.subplot(1, 2, 2)\n",
    "plt.scatter(X[:, 0], X[:, 1], c=labels, cmap='viridis', s=sizes)\n",
    "plt.title(\"Soft Clustering with GMM\")\n",
    "# plt.savefig('/content/gdrive/My Drive/KMeans_GMM.png', dpi=200)\n",
    "plt.show()"
   ]
  },
  {
   "cell_type": "markdown",
   "metadata": {},
   "source": [
    "### Use the EM Steps for GMM\n",
    "Ref : https://github.com/suvoooo/Machine_Learning/blob/eb3d96fbf774a428a1e0124afaf29f166b3c19d8/ExMax_ALgo/LVM.ipynb"
   ]
  },
  {
   "cell_type": "code",
   "execution_count": 1,
   "metadata": {},
   "outputs": [
    {
     "name": "stderr",
     "output_type": "stream",
     "text": [
      "In C:\\Users\\Jaha\\Anaconda3\\lib\\site-packages\\matplotlib\\mpl-data\\stylelib\\_classic_test.mplstyle: \n",
      "The text.latex.preview rcparam was deprecated in Matplotlib 3.3 and will be removed two minor releases later.\n",
      "In C:\\Users\\Jaha\\Anaconda3\\lib\\site-packages\\matplotlib\\mpl-data\\stylelib\\_classic_test.mplstyle: \n",
      "The mathtext.fallback_to_cm rcparam was deprecated in Matplotlib 3.3 and will be removed two minor releases later.\n",
      "In C:\\Users\\Jaha\\Anaconda3\\lib\\site-packages\\matplotlib\\mpl-data\\stylelib\\_classic_test.mplstyle: Support for setting the 'mathtext.fallback_to_cm' rcParam is deprecated since 3.3 and will be removed two minor releases later; use 'mathtext.fallback : 'cm' instead.\n",
      "In C:\\Users\\Jaha\\Anaconda3\\lib\\site-packages\\matplotlib\\mpl-data\\stylelib\\_classic_test.mplstyle: \n",
      "The validate_bool_maybe_none function was deprecated in Matplotlib 3.3 and will be removed two minor releases later.\n",
      "In C:\\Users\\Jaha\\Anaconda3\\lib\\site-packages\\matplotlib\\mpl-data\\stylelib\\_classic_test.mplstyle: \n",
      "The savefig.jpeg_quality rcparam was deprecated in Matplotlib 3.3 and will be removed two minor releases later.\n",
      "In C:\\Users\\Jaha\\Anaconda3\\lib\\site-packages\\matplotlib\\mpl-data\\stylelib\\_classic_test.mplstyle: \n",
      "The keymap.all_axes rcparam was deprecated in Matplotlib 3.3 and will be removed two minor releases later.\n",
      "In C:\\Users\\Jaha\\Anaconda3\\lib\\site-packages\\matplotlib\\mpl-data\\stylelib\\_classic_test.mplstyle: \n",
      "The animation.avconv_path rcparam was deprecated in Matplotlib 3.3 and will be removed two minor releases later.\n",
      "In C:\\Users\\Jaha\\Anaconda3\\lib\\site-packages\\matplotlib\\mpl-data\\stylelib\\_classic_test.mplstyle: \n",
      "The animation.avconv_args rcparam was deprecated in Matplotlib 3.3 and will be removed two minor releases later.\n"
     ]
    },
    {
     "name": "stdout",
     "output_type": "stream",
     "text": [
      "samples folder:  <numpy.lib.npyio.NpzFile object at 0x0000022F9683C208>\n",
      "data shape:  (280, 2)\n"
     ]
    },
    {
     "data": {
      "text/plain": [
       "<Figure size 600x400 with 1 Axes>"
      ]
     },
     "metadata": {},
     "output_type": "display_data"
    }
   ],
   "source": [
    "import math\n",
    "import matplotlib.pyplot as plt \n",
    "import numpy as np\n",
    "import pandas as pd\n",
    "# Load the samples using numpy load.\n",
    "samples_folder = np.load('samples.npz')\n",
    "# samples_folder = np.load('/dataset/iris.csv')\n",
    "\n",
    "print (\"samples folder: \", samples_folder)\n",
    "data = samples_folder['data']\n",
    "print (\"data shape: \", data.shape)\n",
    "# print (\"data : \", data)\n",
    "data_0 = data[:, 0]\n",
    "data_1 = data[:, 1]\n",
    "# print (\"data_0 : \", data_0)\n",
    "# print (\"data_1 : \", data_1)\n",
    "fig = plt.figure(figsize=(6, 4))\n",
    "plt.plot(data_0, data_1, linestyle='None', marker='o', markersize=5, color='navy')\n",
    "plt.xlabel('data[:. 0]', fontsize=12)\n",
    "plt.ylabel('data[:, 1]', fontsize=12)\n",
    "plt.show()"
   ]
  },
  {
   "cell_type": "code",
   "execution_count": 2,
   "metadata": {},
   "outputs": [
    {
     "name": "stdout",
     "output_type": "stream",
     "text": [
      "check the shape of pi0, mu0, sigma0 : (3,) (3, 2) (3, 2, 2)\n",
      "check some values of pi0:  [0.3451814  0.6066179  0.04820071]\n",
      "check some values of mu0:  \n",
      " [[-0.71336192  0.90635089]\n",
      " [ 0.76623673  0.82605407]\n",
      " [-1.32368279 -1.75244452]] \n",
      "\n",
      "check some values of sigma0:  \n",
      " [[[ 1.00490413  1.89980228]\n",
      "  [ 1.89980228  4.18354574]]\n",
      "\n",
      " [[ 1.96867815  0.78415336]\n",
      "  [ 0.78415336  1.83319942]]\n",
      "\n",
      " [[ 0.19316335 -0.11648642]\n",
      "  [-0.11648642  1.98395967]]]\n"
     ]
    }
   ],
   "source": [
    "\n",
    "pi0 = samples_folder['pi0']\n",
    "mu0 = samples_folder['mu0']\n",
    "sigma0 = samples_folder['sigma0']\n",
    "\n",
    "print (\"check the shape of pi0, mu0, sigma0 :\", pi0.shape, mu0.shape, sigma0.shape) # possibly 3 clusters \n",
    "print (\"check some values of pi0: \", pi0)\n",
    "print (\"check some values of mu0: \", '\\n', mu0, '\\n')\n",
    "print (\"check some values of sigma0: \", '\\n', sigma0)"
   ]
  },
  {
   "cell_type": "code",
   "execution_count": 5,
   "metadata": {},
   "outputs": [],
   "source": [
    "#### E step for GMM \n",
    "### Use multivariate normal for Gaussian distribution \n",
    "from scipy.stats import multivariate_normal\n",
    "\n",
    "def E_step(data, pi, mu, sigma):\n",
    "    N = data.shape[0] # number of data-points\n",
    "    K = pi.shape[0] # number of clusters, following notation used before in description  \n",
    "    d = mu.shape[1] # dimension of each data point, think of these as attributes\n",
    "    gamma = np.zeros((N, K)) # this is basically responsibility which should be equal to posterior. \n",
    "\n",
    "    for nk in range(K):\n",
    "        gamma[:, nk] = pi[nk] * multivariate_normal.pdf(data, mean=mu[nk], cov=sigma[nk]) \n",
    "    # calculate responsibility for each cluster\n",
    "    gamma = gamma/np.sum(gamma, axis=1, keepdims=True) \n",
    "    # use the sum over all the clusters, thus axis=1. Denominator term. \n",
    "    # print (\"gamma shape: \", gamma.shape)\n",
    "    return gamma"
   ]
  },
  {
   "cell_type": "code",
   "execution_count": null,
   "metadata": {},
   "outputs": [],
   "source": [
    "#Remove Outliers from Data for every clusters...(How???)\n",
    "\n"
   ]
  },
  {
   "cell_type": "code",
   "execution_count": 6,
   "metadata": {},
   "outputs": [],
   "source": [
    "def M_step(data, gamma):\n",
    "    N, D = data.shape \n",
    "    K = gamma.shape[1] # use the posterior shape calculated in E-step to determine the no. of clusters  \n",
    "    pi = np.zeros(K)\n",
    "    mu = np.zeros((K, D))\n",
    "#     print(\"MU : \", mu)\n",
    "    sigma = np.zeros((K, D, D)) \n",
    "\n",
    "    for ik in range(K):\n",
    "        n_k = gamma[:, ik].sum() # we use the definintion of N_k \n",
    "        pi[ik] = n_k/N # definition of the weights\n",
    "        elements = np.reshape(gamma[:, ik], (gamma.shape[0], 1)) \n",
    "        # get each columns and reshape it (K, 1) form so that later broadcasting is possible. \n",
    "        mu[ik,:] = (np.multiply( elements,  data)).sum(axis=0) / n_k  \n",
    "        sigma_sum = 0.\n",
    "        for i in range(N):\n",
    "            var = data[i] - mu[ik]\n",
    "            sigma_sum = sigma_sum + gamma[i, ik] * np.outer(var, var)# outer product creates the covariance matrix\n",
    "        sigma[ik,:] = sigma_sum/n_k   \n",
    "    return pi, mu, sigma"
   ]
  },
  {
   "cell_type": "code",
   "execution_count": null,
   "metadata": {},
   "outputs": [],
   "source": [
    "# gamma = E_step(data, pi, mu, sigma)\n",
    "# pi, mu, sigma = M_step(data, gamma)"
   ]
  },
  {
   "cell_type": "code",
   "execution_count": 7,
   "metadata": {},
   "outputs": [],
   "source": [
    "def elbo(data, gamma, pi, mu, sigma):\n",
    "    N = data.shape[0] # no. of data-points\n",
    "    K = gamma.shape[1] # no. of clusters\n",
    "    d = data.shape[1] # dim. of each object\n",
    "\n",
    "    loss = 0.\n",
    "    for i in range(N):\n",
    "        x = data[i]\n",
    "        for k in range(K):\n",
    "            pos_dist = gamma[i, k] ## p(z_i=k|x) = gamma_ik\n",
    "            log_lik = np.log(multivariate_normal.pdf(x, mean=mu[k, :], cov=sigma[k, :, :]) + 1e-20) # log p(x|z)\n",
    "            log_q = np.log(gamma[i, k] + 1e-20) # log q(z) = log p(z_i=k|x)\n",
    "            log_pz = np.log(pi[k] + 1e-20)  # log p(z_k =1) =\\pi _k\n",
    "            loss = (loss + np.multiply(pos_dist, log_pz) + np.multiply(pos_dist, log_lik) +  \n",
    "            np.multiply(pos_dist, -log_q) )\n",
    "  #print (\"check loss: \", loss)\n",
    "\n",
    "    return loss"
   ]
  },
  {
   "cell_type": "code",
   "execution_count": 22,
   "metadata": {},
   "outputs": [],
   "source": [
    "def train_loop(data, K, tolerance=1e-3, max_iter=50, restart=10):\n",
    "    N, d = data.shape\n",
    "    elbo_best = -np.inf # loss set to the lowest value \n",
    "    pi_best = None\n",
    "    mu_best = None\n",
    "    sigma_best = None\n",
    "    gamma_f = None\n",
    "    for _ in range(restart):\n",
    "        pi = np.ones(K) / K # if 3 clusters then an array of [.33, .33, .33] # the sum of pi's should be one \n",
    "        # that's why normalized  \n",
    "        mu = np.random.rand(K, d) # no condition on \n",
    "        sigma = np.tile(np.eye(d), (K, 1, 1)) # to initialize sigma we first start with ones only at the diagonals\n",
    "        # the sigmas are postive semi-definite and symmetric  \n",
    "        last_iter_loss = None\n",
    "        all_losses = []\n",
    "        try:\n",
    "\n",
    "            for i in range(max_iter):\n",
    "                gamma = E_step(data, pi, mu, sigma)\n",
    "                pi, mu, sigma = M_step(data, gamma)\n",
    "                loss = elbo(data, gamma, pi, mu, sigma)\n",
    "                print(\"data_shape : \", data.shape)\n",
    "                print(\"gamma :\", gamma)\n",
    "                print(gamma.shape)\n",
    "                print(\"mu :\", mu)\n",
    "                print(mu.shape)\n",
    "                print(\"pi :\", pi)\n",
    "                print(pi.shape)\n",
    "                print(\"sigma :\", sigma)\n",
    "                print(sigma.shape)\n",
    "                \n",
    "                if loss > elbo_best:\n",
    "                    elbo_best = loss\n",
    "                    pi_best = pi \n",
    "                    mu_best = mu\n",
    "                    sigma_best = sigma\n",
    "                    gamma_f = gamma\n",
    "                if last_iter_loss and abs((loss-last_iter_loss)/last_iter_loss) < tolerance: # insignificant improvement\n",
    "                    break \n",
    "                last_iter_loss = loss\n",
    "                all_losses.append(loss)\n",
    "        except np.linalg.LinAlgError: # avoid the delta function situation \n",
    "            pass \n",
    "    gamma_df = pd.DataFrame(gamma_f)\n",
    "    gamma_df.to_excel(\"result/gamma_f.xlsx\")\n",
    "    return elbo_best, pi_best, mu_best, sigma_best, all_losses, gamma_f"
   ]
  },
  {
   "cell_type": "code",
   "execution_count": 21,
   "metadata": {},
   "outputs": [
    {
     "name": "stdout",
     "output_type": "stream",
     "text": [
      "data_shape :  (280, 2)\n",
      "gamma : [[0.43375064 0.23202008 0.33422927]\n",
      " [0.41966349 0.24766933 0.33266717]\n",
      " [0.42636996 0.23515295 0.33847709]\n",
      " [0.48408011 0.17415162 0.34176827]\n",
      " [0.48476345 0.16199603 0.35324052]\n",
      " [0.43140573 0.18690368 0.38169058]\n",
      " [0.47419306 0.06430218 0.46150476]\n",
      " [0.39225889 0.31790071 0.2898404 ]\n",
      " [0.42285425 0.26110144 0.3160443 ]\n",
      " [0.26731216 0.4960096  0.23667824]\n",
      " [0.30028039 0.44455826 0.25516135]\n",
      " [0.43268619 0.23073959 0.33657422]\n",
      " [0.30491069 0.41188525 0.28320406]\n",
      " [0.4874588  0.12462981 0.3879114 ]\n",
      " [0.45097427 0.16359509 0.38543064]\n",
      " [0.3554641  0.34868841 0.29584749]\n",
      " [0.35332841 0.28246921 0.36420238]\n",
      " [0.47078013 0.19126583 0.33795404]\n",
      " [0.30993528 0.40459663 0.28546809]\n",
      " [0.4864691  0.12069302 0.39283788]\n",
      " [0.38060244 0.31776676 0.3016308 ]\n",
      " [0.48500135 0.05993632 0.45506233]\n",
      " [0.43682887 0.24999808 0.31317304]\n",
      " [0.39669713 0.30738715 0.29591572]\n",
      " [0.42037685 0.22484263 0.35478053]\n",
      " [0.41925409 0.26036446 0.32038145]\n",
      " [0.31652823 0.38419229 0.29927948]\n",
      " [0.45428943 0.20840559 0.33730498]\n",
      " [0.46809756 0.18188633 0.35001611]\n",
      " [0.38018229 0.28909964 0.33071807]\n",
      " [0.4300526  0.20818206 0.36176534]\n",
      " [0.4015907  0.20818732 0.39022198]\n",
      " [0.34441541 0.31887758 0.33670701]\n",
      " [0.32343914 0.36983983 0.30672103]\n",
      " [0.40447239 0.28331377 0.31221385]\n",
      " [0.46093086 0.16219501 0.37687413]\n",
      " [0.42394662 0.25076032 0.32529306]\n",
      " [0.47583259 0.19088224 0.33328517]\n",
      " [0.45058477 0.19255485 0.35686038]\n",
      " [0.32665282 0.38496144 0.28838574]\n",
      " [0.46603192 0.08314968 0.4508184 ]\n",
      " [0.41155373 0.12984685 0.45859942]\n",
      " [0.36614736 0.2786971  0.35515553]\n",
      " [0.44074133 0.21546208 0.34379659]\n",
      " [0.41844177 0.17849449 0.40306374]\n",
      " [0.35701139 0.38480955 0.25817906]\n",
      " [0.326709   0.32779853 0.34549247]\n",
      " [0.39812216 0.27333761 0.32854022]\n",
      " [0.41994129 0.23436003 0.34569867]\n",
      " [0.3935135  0.31854458 0.28794193]\n",
      " [0.33375627 0.37792785 0.28831588]\n",
      " [0.35529785 0.29800803 0.34669411]\n",
      " [0.303138   0.3846482  0.3122138 ]\n",
      " [0.50302345 0.02541607 0.47156048]\n",
      " [0.46319078 0.17802284 0.35878638]\n",
      " [0.32992158 0.34074862 0.3293298 ]\n",
      " [0.49093409 0.04548083 0.46358508]\n",
      " [0.44626788 0.19076683 0.36296529]\n",
      " [0.31901795 0.39210197 0.28888008]\n",
      " [0.40935812 0.22581282 0.36482906]\n",
      " [0.33999155 0.32203295 0.3379755 ]\n",
      " [0.43570029 0.23647034 0.32782937]\n",
      " [0.23592908 0.54670554 0.21736538]\n",
      " [0.36187892 0.35162437 0.28649671]\n",
      " [0.47975752 0.17007787 0.3501646 ]\n",
      " [0.44924168 0.22852182 0.3222365 ]\n",
      " [0.35811421 0.32762154 0.31426425]\n",
      " [0.4561866  0.11035252 0.43346088]\n",
      " [0.28519295 0.43568215 0.27912491]\n",
      " [0.42374099 0.27612285 0.30013616]\n",
      " [0.44409464 0.19578747 0.36011789]\n",
      " [0.39919742 0.30319942 0.29760315]\n",
      " [0.43859079 0.25195023 0.30945898]\n",
      " [0.5025149  0.0265444  0.4709407 ]\n",
      " [0.3393889  0.31456492 0.34604618]\n",
      " [0.46937457 0.07014364 0.46048179]\n",
      " [0.35436929 0.33663009 0.30900061]\n",
      " [0.442338   0.22389266 0.33376935]\n",
      " [0.45997273 0.16840115 0.37162613]\n",
      " [0.29177967 0.4224314  0.28578894]\n",
      " [0.44504901 0.20032258 0.35462841]\n",
      " [0.50304515 0.12464027 0.37231458]\n",
      " [0.36553968 0.27174241 0.36271792]\n",
      " [0.43816238 0.23999723 0.32184038]\n",
      " [0.39380744 0.23851783 0.36767473]\n",
      " [0.32346231 0.37509242 0.30144527]\n",
      " [0.45913045 0.17932953 0.36154002]\n",
      " [0.47991384 0.05847614 0.46161001]\n",
      " [0.43960171 0.20682832 0.35356997]\n",
      " [0.41056897 0.14531074 0.44412029]\n",
      " [0.43437951 0.2220786  0.34354189]\n",
      " [0.32850462 0.31941534 0.35208004]\n",
      " [0.39839548 0.14164017 0.45996435]\n",
      " [0.38035088 0.21910435 0.40054477]\n",
      " [0.47905897 0.08093412 0.44000691]\n",
      " [0.3306724  0.42083425 0.24849335]\n",
      " [0.38752828 0.30386793 0.30860379]\n",
      " [0.36401241 0.27391154 0.36207604]\n",
      " [0.41497759 0.15656683 0.42845558]\n",
      " [0.48759055 0.05042986 0.46197959]\n",
      " [0.41659227 0.2783511  0.30505663]\n",
      " [0.44645671 0.2117527  0.34179059]\n",
      " [0.34909951 0.30369859 0.3472019 ]\n",
      " [0.37809474 0.24500319 0.37690206]\n",
      " [0.45616788 0.16312262 0.3807095 ]\n",
      " [0.42055163 0.24506608 0.33438229]\n",
      " [0.31675775 0.45766935 0.2255729 ]\n",
      " [0.50048472 0.03405946 0.46545581]\n",
      " [0.40247137 0.2069766  0.39055204]\n",
      " [0.36512543 0.34858591 0.28628866]\n",
      " [0.46224951 0.16499367 0.37275682]\n",
      " [0.34914863 0.29832112 0.35253025]\n",
      " [0.36858251 0.30929517 0.32212232]\n",
      " [0.36167767 0.2837056  0.35461673]\n",
      " [0.33210428 0.34843162 0.3194641 ]\n",
      " [0.40182387 0.28044229 0.31773384]\n",
      " [0.32428243 0.37955298 0.2961646 ]\n",
      " [0.42910021 0.22444492 0.34645486]\n",
      " [0.37856446 0.32726693 0.29416861]\n",
      " [0.50262713 0.03087499 0.46649789]\n",
      " [0.43729744 0.22423009 0.33847247]\n",
      " [0.48221998 0.14827447 0.36950555]\n",
      " [0.46144475 0.19982225 0.338733  ]\n",
      " [0.36633243 0.26544958 0.36821799]\n",
      " [0.35871347 0.31291866 0.32836787]\n",
      " [0.50955357 0.03244521 0.45800122]\n",
      " [0.32424182 0.31644078 0.3593174 ]\n",
      " [0.40864283 0.28413298 0.30722419]\n",
      " [0.26188274 0.49853268 0.23958458]\n",
      " [0.51481092 0.02091227 0.46427681]\n",
      " [0.44940592 0.19241915 0.35817494]\n",
      " [0.3701184  0.22762889 0.40225271]\n",
      " [0.34441038 0.39749003 0.2580996 ]\n",
      " [0.37882217 0.22198435 0.39919349]\n",
      " [0.43579411 0.23210778 0.3320981 ]\n",
      " [0.23810479 0.53083939 0.23105582]\n",
      " [0.42540673 0.16258744 0.41200583]\n",
      " [0.51002427 0.02250058 0.46747514]\n",
      " [0.41696799 0.16518062 0.41785138]\n",
      " [0.46385198 0.2094827  0.32666532]\n",
      " [0.45615293 0.1860384  0.35780867]\n",
      " [0.4719844  0.14650364 0.38151196]\n",
      " [0.45944535 0.20355917 0.33699548]\n",
      " [0.507098   0.01870633 0.47419567]\n",
      " [0.34078082 0.31154033 0.34767885]\n",
      " [0.48390559 0.17366751 0.34242689]\n",
      " [0.46490279 0.20621465 0.32888256]\n",
      " [0.38463054 0.31968207 0.29568739]\n",
      " [0.44705676 0.19742754 0.3555157 ]\n",
      " [0.45059736 0.22145726 0.32794538]\n",
      " [0.44897649 0.12254429 0.42847922]\n",
      " [0.4903268  0.11280445 0.39686875]\n",
      " [0.44389511 0.22062246 0.33548244]\n",
      " [0.47444352 0.16942912 0.35612736]\n",
      " [0.4254671  0.24984244 0.32469046]\n",
      " [0.35587086 0.3230128  0.32111634]\n",
      " [0.49313445 0.1159784  0.39088714]\n",
      " [0.37860019 0.24292156 0.37847825]\n",
      " [0.45114678 0.17726411 0.3715891 ]\n",
      " [0.44652079 0.21783484 0.33564437]\n",
      " [0.50246124 0.03354829 0.46399047]\n",
      " [0.40172594 0.19301285 0.40526121]\n",
      " [0.34211476 0.31184202 0.34604322]\n",
      " [0.33119293 0.34385301 0.32495406]\n",
      " [0.35294437 0.28999866 0.35705696]\n",
      " [0.48623032 0.05053213 0.46323755]\n",
      " [0.44093549 0.25034516 0.30871936]\n",
      " [0.45402499 0.16649213 0.37948288]\n",
      " [0.36977601 0.34633208 0.28389191]\n",
      " [0.40222442 0.200757   0.39701858]\n",
      " [0.40472341 0.22082726 0.37444932]\n",
      " [0.48550226 0.04785397 0.46664377]\n",
      " [0.48122551 0.05433223 0.46444226]\n",
      " [0.39087645 0.22759757 0.38152597]\n",
      " [0.39796406 0.31373877 0.28829717]\n",
      " [0.34853188 0.26191795 0.38955017]\n",
      " [0.38584742 0.33247757 0.28167502]\n",
      " [0.3685853  0.36590521 0.26550949]\n",
      " [0.42947569 0.27134256 0.29918176]\n",
      " [0.32455354 0.41081595 0.26463051]\n",
      " [0.46750091 0.20314314 0.32935595]\n",
      " [0.50088331 0.10479034 0.39432635]\n",
      " [0.3920748  0.28474124 0.32318396]\n",
      " [0.49307844 0.04012624 0.46679532]\n",
      " [0.44233594 0.24815431 0.30950975]\n",
      " [0.40757289 0.27922908 0.31319802]\n",
      " [0.38599729 0.31434381 0.2996589 ]\n",
      " [0.46332485 0.21755551 0.31911964]\n",
      " [0.33714271 0.36491558 0.29794171]\n",
      " [0.39830279 0.30772562 0.29397159]\n",
      " [0.49307757 0.10583728 0.40108515]\n",
      " [0.27159435 0.49308892 0.23531673]\n",
      " [0.44827997 0.21816049 0.33355954]\n",
      " [0.40075495 0.23891115 0.3603339 ]\n",
      " [0.38006034 0.30966348 0.31027618]\n",
      " [0.44219094 0.24364466 0.31416441]\n",
      " [0.3458866  0.28071765 0.37339575]\n",
      " [0.4508553  0.15814089 0.39100381]\n",
      " [0.4407769  0.21136053 0.34786257]\n",
      " [0.43836928 0.22428685 0.33734387]\n",
      " [0.34229836 0.41929532 0.23840632]\n",
      " [0.34193217 0.31681821 0.34124962]\n",
      " [0.24494782 0.52222967 0.23282251]\n",
      " [0.40286956 0.27443307 0.32269737]\n",
      " [0.41951454 0.25556334 0.32492212]\n",
      " [0.50665726 0.02763379 0.46570895]\n",
      " [0.42756613 0.25742014 0.31501373]\n",
      " [0.38677693 0.22194839 0.39127469]\n",
      " [0.48254051 0.05535722 0.46210227]\n",
      " [0.41613199 0.27265513 0.31121288]\n",
      " [0.49983967 0.12246764 0.37769269]\n",
      " [0.36851435 0.25135704 0.38012861]\n",
      " [0.45736495 0.19557199 0.34706306]\n",
      " [0.50159024 0.01979848 0.47861128]\n",
      " [0.41877903 0.27456008 0.30666089]\n",
      " [0.36122021 0.30970496 0.32907483]\n",
      " [0.45885458 0.18416738 0.35697804]\n",
      " [0.40251867 0.16165971 0.43582162]\n",
      " [0.42547796 0.21879405 0.35572799]\n",
      " [0.47198293 0.17689464 0.35112243]\n",
      " [0.41074122 0.23206192 0.35719686]\n",
      " [0.48040844 0.13160942 0.38798214]\n",
      " [0.36766139 0.35548111 0.2768575 ]\n",
      " [0.46604569 0.19951392 0.33444039]\n",
      " [0.48519631 0.12800403 0.38679966]\n",
      " [0.39536978 0.30911463 0.29551559]\n",
      " [0.38747422 0.32128178 0.29124401]\n",
      " [0.39581017 0.23137148 0.37281835]\n",
      " [0.43911388 0.22004879 0.34083734]\n",
      " [0.38848114 0.33204961 0.27946924]\n",
      " [0.3511024  0.29259974 0.35629787]\n",
      " [0.46157765 0.18655806 0.35186429]\n",
      " [0.32534136 0.38110196 0.29355668]\n",
      " [0.42909098 0.18862267 0.38228636]\n",
      " [0.42910955 0.24125212 0.32963833]\n",
      " [0.48454307 0.14844062 0.36701632]\n",
      " [0.31207888 0.3784702  0.30945092]\n",
      " [0.36474638 0.30333858 0.33191503]\n",
      " [0.35856783 0.31158845 0.32984372]\n",
      " [0.47564528 0.05579756 0.46855716]\n",
      " [0.36320014 0.27881362 0.35798625]\n",
      " [0.42401864 0.27280501 0.30317636]\n",
      " [0.39382742 0.19555696 0.41061563]\n",
      " [0.34221673 0.36129697 0.2964863 ]\n",
      " [0.43695453 0.23525331 0.32779215]\n",
      " [0.42896933 0.23288391 0.33814676]\n",
      " [0.39701758 0.27194908 0.33103335]\n",
      " [0.32656396 0.35385269 0.31958335]\n",
      " [0.41694076 0.24937879 0.33368045]\n",
      " [0.4336383  0.21159396 0.35476775]\n",
      " [0.28398519 0.45412695 0.26188786]\n",
      " [0.44028858 0.20799247 0.35171895]\n",
      " [0.48296455 0.13990397 0.37713148]\n",
      " [0.29789333 0.44992453 0.25218215]\n",
      " [0.44661536 0.21472182 0.33866282]\n",
      " [0.51953315 0.01842836 0.46203849]\n",
      " [0.33611184 0.33665746 0.3272307 ]\n",
      " [0.41428272 0.24448821 0.34122907]\n",
      " [0.43302897 0.21687765 0.35009338]\n",
      " [0.48597471 0.13332186 0.38070343]\n",
      " [0.43368131 0.18961988 0.37669882]\n",
      " [0.24844399 0.50993645 0.24161957]\n",
      " [0.45935253 0.18176509 0.35888238]\n",
      " [0.35620061 0.31818911 0.32561028]\n",
      " [0.43988555 0.21672258 0.34339187]\n",
      " [0.27932754 0.50728996 0.2133825 ]\n",
      " [0.4400304  0.20959724 0.35037236]\n",
      " [0.39124125 0.21108185 0.3976769 ]\n",
      " [0.50632973 0.03179567 0.46187461]\n",
      " [0.44947264 0.21858543 0.33194193]\n",
      " [0.45140128 0.24181145 0.30678727]\n",
      " [0.4687588  0.19328398 0.33795722]\n",
      " [0.25792987 0.52091    0.22116014]\n",
      " [0.36450212 0.29232839 0.34316949]\n",
      " [0.42004069 0.24433577 0.33562354]\n",
      " [0.51943484 0.01470886 0.4658563 ]\n",
      " [0.27172309 0.48015336 0.24812355]\n",
      " [0.48483709 0.15261018 0.36255274]\n",
      " [0.41531354 0.27033648 0.31434998]\n",
      " [0.36212538 0.35245028 0.28542434]]\n",
      "(280, 3)\n",
      "mu : [[1.88160123 4.27675907]\n",
      " [0.86101087 3.60314822]\n",
      " [1.96714167 4.0000258 ]]\n",
      "(3, 2)\n",
      "pi : [0.40977644 0.24212599 0.34809757]\n",
      "(3,)\n",
      "sigma : [[[4.11173558 0.45010509]\n",
      "  [0.45010509 5.85843249]]\n",
      "\n",
      " [[1.68418961 0.40331338]\n",
      "  [0.40331338 6.71666953]]\n",
      "\n",
      " [[4.34844961 0.61781663]\n",
      "  [0.61781663 6.18828078]]]\n",
      "(3, 2, 2)\n",
      "data_shape :  (280, 2)\n",
      "gamma : [[3.94972819e-01 3.13750681e-01 2.91276500e-01]\n",
      " [3.83494607e-01 3.26735236e-01 2.89770157e-01]\n",
      " [3.90115322e-01 3.14844174e-01 2.95040504e-01]\n",
      " [4.32178418e-01 2.62023888e-01 3.05797694e-01]\n",
      " [4.46747308e-01 2.30104915e-01 3.23147777e-01]\n",
      " [4.20726217e-01 2.25469261e-01 3.53804522e-01]\n",
      " [5.02808390e-01 5.36334506e-03 4.91828264e-01]\n",
      " [3.84632048e-01 3.40295226e-01 2.75072726e-01]\n",
      " [3.86889418e-01 3.34790106e-01 2.78320476e-01]\n",
      " [3.32625438e-01 3.52278684e-01 3.15095878e-01]\n",
      " [3.44465882e-01 3.56846888e-01 2.98687230e-01]\n",
      " [3.94826116e-01 3.11732105e-01 2.93441779e-01]\n",
      " [2.87859631e-01 4.32867699e-01 2.79272670e-01]\n",
      " [4.94672939e-01 1.19530325e-01 3.85796736e-01]\n",
      " [4.49926655e-01 1.84275502e-01 3.65797843e-01]\n",
      " [3.44085984e-01 3.76689406e-01 2.79224609e-01]\n",
      " [2.90343895e-01 3.99269317e-01 3.10386789e-01]\n",
      " [4.20844236e-01 2.81028103e-01 2.98127661e-01]\n",
      " [2.92728735e-01 4.28046329e-01 2.79224936e-01]\n",
      " [4.99196564e-01 1.06481286e-01 3.94322150e-01]\n",
      " [3.63907807e-01 3.58555778e-01 2.77536415e-01]\n",
      " [5.09533143e-01 4.68020777e-03 4.85786649e-01]\n",
      " [3.94390436e-01 3.29998001e-01 2.75611562e-01]\n",
      " [3.81644713e-01 3.43571465e-01 2.74783822e-01]\n",
      " [3.89521287e-01 2.98192719e-01 3.12285994e-01]\n",
      " [3.83806495e-01 3.35137524e-01 2.81055981e-01]\n",
      " [2.80457201e-01 4.44046429e-01 2.75496370e-01]\n",
      " [4.10519248e-01 2.94053184e-01 2.95427568e-01]\n",
      " [4.30569571e-01 2.55946481e-01 3.13483948e-01]\n",
      " [3.42946513e-01 3.68987762e-01 2.88065725e-01]\n",
      " [4.04190970e-01 2.73125278e-01 3.22683752e-01]\n",
      " [3.81502402e-01 2.57143729e-01 3.61353870e-01]\n",
      " [2.86515311e-01 4.26928089e-01 2.86556600e-01]\n",
      " [2.81637189e-01 4.42573725e-01 2.75789085e-01]\n",
      " [3.75885940e-01 3.46046323e-01 2.78067738e-01]\n",
      " [4.52729466e-01 1.93268277e-01 3.54002257e-01]\n",
      " [3.86672010e-01 3.29260622e-01 2.84067368e-01]\n",
      " [4.19234853e-01 2.87478673e-01 2.93286474e-01]\n",
      " [4.22009587e-01 2.58560875e-01 3.19429538e-01]\n",
      " [3.15735296e-01 4.03882227e-01 2.80382477e-01]\n",
      " [5.03865971e-01 1.68989553e-02 4.79235073e-01]\n",
      " [4.39397937e-01 6.24878832e-02 4.98114180e-01]\n",
      " [3.14635102e-01 3.80275337e-01 3.05089561e-01]\n",
      " [4.04300803e-01 2.94252918e-01 3.01446279e-01]\n",
      " [4.18758701e-01 1.91894879e-01 3.89346419e-01]\n",
      " [4.07924917e-01 3.02462987e-01 2.89612096e-01]\n",
      " [2.47879620e-01 4.67752998e-01 2.84367382e-01]\n",
      " [3.63967277e-01 3.49116475e-01 2.86916248e-01]\n",
      " [3.85920941e-01 3.12124269e-01 3.01954790e-01]\n",
      " [3.87370432e-01 3.37773281e-01 2.74856287e-01]\n",
      " [3.26629691e-01 3.92599759e-01 2.80770549e-01]\n",
      " [2.99286848e-01 4.05292747e-01 2.95420405e-01]\n",
      " [2.35491419e-01 4.97269466e-01 2.67239115e-01]\n",
      " [4.76584299e-01 4.55172560e-05 5.23370184e-01]\n",
      " [4.35468800e-01 2.39417634e-01 3.25113565e-01]\n",
      " [2.66955204e-01 4.53667249e-01 2.79377547e-01]\n",
      " [5.00859941e-01 1.16958421e-03 4.97970475e-01]\n",
      " [4.22869951e-01 2.49737685e-01 3.27392364e-01]\n",
      " [3.02372355e-01 4.18270693e-01 2.79356953e-01]\n",
      " [3.80050741e-01 2.96285677e-01 3.23663583e-01]\n",
      " [2.77908517e-01 4.36176610e-01 2.85914873e-01]\n",
      " [3.94833145e-01 3.19420497e-01 2.85746358e-01]\n",
      " [3.21228930e-01 3.42565931e-01 3.36205138e-01]\n",
      " [3.64116276e-01 3.56219473e-01 2.79664251e-01]\n",
      " [4.39287794e-01 2.43951129e-01 3.16761077e-01]\n",
      " [4.00875733e-01 3.18039318e-01 2.81084949e-01]\n",
      " [3.26265675e-01 3.93100994e-01 2.80633331e-01]\n",
      " [4.94319811e-01 5.18166055e-02 4.53863584e-01]\n",
      " [2.56380660e-01 4.68587643e-01 2.75031697e-01]\n",
      " [3.92510759e-01 3.35870503e-01 2.71618738e-01]\n",
      " [4.18265719e-01 2.58927579e-01 3.22806702e-01]\n",
      " [3.81808301e-01 3.43541788e-01 2.74649911e-01]\n",
      " [3.95352607e-01 3.31179621e-01 2.73467771e-01]\n",
      " [4.78886624e-01 5.95942186e-05 5.21053782e-01]\n",
      " [2.71589007e-01 4.38251083e-01 2.90159910e-01]\n",
      " [5.01673132e-01 7.66886786e-03 4.90658001e-01]\n",
      " [3.26684476e-01 3.93694038e-01 2.79621486e-01]\n",
      " [4.00909733e-01 3.07999731e-01 2.91090536e-01]\n",
      " [4.45918469e-01 2.09364631e-01 3.44716900e-01]\n",
      " [2.56540402e-01 4.70271872e-01 2.73187726e-01]\n",
      " [4.15001326e-01 2.69628474e-01 3.15370200e-01]\n",
      " [4.89184980e-01 1.44743354e-01 3.66071667e-01]\n",
      " [3.12491366e-01 3.74850047e-01 3.12658587e-01]\n",
      " [3.95339343e-01 3.23568518e-01 2.81092139e-01]\n",
      " [3.58786085e-01 3.16359747e-01 3.24854168e-01]\n",
      " [2.89319272e-01 4.34096807e-01 2.76583921e-01]\n",
      " [4.34486721e-01 2.37257988e-01 3.28255291e-01]\n",
      " [5.03909034e-01 3.65063474e-03 4.92440331e-01]\n",
      " [4.09038758e-01 2.77810471e-01 3.13150771e-01]\n",
      " [4.32850393e-01 9.65165508e-02 4.70633056e-01]\n",
      " [3.98779538e-01 3.00573083e-01 3.00647379e-01]\n",
      " [2.47309164e-01 4.63559782e-01 2.89131054e-01]\n",
      " [4.16906795e-01 8.02332595e-02 5.02859946e-01]\n",
      " [3.48510784e-01 2.77671107e-01 3.73818109e-01]\n",
      " [5.14638822e-01 1.87657655e-02 4.66595413e-01]\n",
      " [4.04541250e-01 2.94986224e-01 3.00472526e-01]\n",
      " [3.64205419e-01 3.57455805e-01 2.78338776e-01]\n",
      " [3.09908472e-01 3.78545286e-01 3.11546242e-01]\n",
      " [4.31764467e-01 1.28835268e-01 4.39400265e-01]\n",
      " [5.03438323e-01 1.93360112e-03 4.94628076e-01]\n",
      " [3.86996501e-01 3.38889203e-01 2.74114296e-01]\n",
      " [4.07726509e-01 2.92571153e-01 2.99702339e-01]\n",
      " [2.88409190e-01 4.17464389e-01 2.94126421e-01]\n",
      " [3.35384085e-01 3.30640304e-01 3.33975611e-01]\n",
      " [4.51370312e-01 1.89524113e-01 3.59105575e-01]\n",
      " [3.84387534e-01 3.24404218e-01 2.91208248e-01]\n",
      " [4.48672705e-01 2.31146896e-01 3.20180399e-01]\n",
      " [4.92095039e-01 2.73174509e-04 5.07631787e-01]\n",
      " [3.83186084e-01 2.54660754e-01 3.62153162e-01]\n",
      " [3.67602919e-01 3.53093807e-01 2.79303274e-01]\n",
      " [4.49618274e-01 2.03015121e-01 3.47366606e-01]\n",
      " [2.86130222e-01 4.15717012e-01 2.98152767e-01]\n",
      " [3.33368097e-01 3.83218913e-01 2.83412990e-01]\n",
      " [3.07291522e-01 3.89182576e-01 3.03525902e-01]\n",
      " [2.80833629e-01 4.41127892e-01 2.78038479e-01]\n",
      " [3.71246362e-01 3.48046357e-01 2.80707281e-01]\n",
      " [2.98898078e-01 4.23228398e-01 2.77873524e-01]\n",
      " [3.95190177e-01 3.01367451e-01 3.03442372e-01]\n",
      " [3.69848159e-01 3.52992739e-01 2.77159102e-01]\n",
      " [4.87850408e-01 1.58362418e-04 5.11991230e-01]\n",
      " [3.99090738e-01 3.05404186e-01 2.95505076e-01]\n",
      " [4.65960876e-01 1.84534651e-01 3.49504473e-01]\n",
      " [4.16001629e-01 2.86218061e-01 2.97780310e-01]\n",
      " [3.13610280e-01 3.67202549e-01 3.19187172e-01]\n",
      " [3.15233276e-01 3.99462660e-01 2.85304063e-01]\n",
      " [4.94849189e-01 2.69225775e-04 5.04881586e-01]\n",
      " [2.34927521e-01 4.73362031e-01 2.91710448e-01]\n",
      " [3.81314783e-01 3.42891508e-01 2.75793709e-01]\n",
      " [3.10075733e-01 3.80123404e-01 3.09800863e-01]\n",
      " [4.70309855e-01 1.87833793e-05 5.29671362e-01]\n",
      " [4.21986618e-01 2.56950868e-01 3.21062514e-01]\n",
      " [3.28728422e-01 2.98114473e-01 3.73157106e-01]\n",
      " [3.97170686e-01 3.10642353e-01 2.92186961e-01]\n",
      " [3.44847215e-01 2.84379457e-01 3.70773328e-01]\n",
      " [3.95875604e-01 3.14737842e-01 2.89386554e-01]\n",
      " [2.75231157e-01 4.13062895e-01 3.11705948e-01]\n",
      " [4.37293132e-01 1.54189048e-01 4.08517820e-01]\n",
      " [4.72834425e-01 2.58302962e-05 5.27139745e-01]\n",
      " [4.27772161e-01 1.53973371e-01 4.18254468e-01]\n",
      " [4.09112831e-01 3.05747887e-01 2.85139281e-01]\n",
      " [4.28063073e-01 2.49984904e-01 3.21952023e-01]\n",
      " [4.70437172e-01 1.63065426e-01 3.66497402e-01]\n",
      " [4.13521752e-01 2.90907346e-01 2.95570903e-01]\n",
      " [4.59555079e-01 6.42852802e-06 5.40438492e-01]\n",
      " [2.73225462e-01 4.35059079e-01 2.91715459e-01]\n",
      " [4.32844699e-01 2.60480179e-01 3.06675122e-01]\n",
      " [4.10936172e-01 3.01681273e-01 2.87382555e-01]\n",
      " [3.73224542e-01 3.50325386e-01 2.76450073e-01]\n",
      " [4.17579154e-01 2.65510254e-01 3.16910592e-01]\n",
      " [4.03533985e-01 3.10559437e-01 2.85906578e-01]\n",
      " [4.83504942e-01 7.20476942e-02 4.44447363e-01]\n",
      " [5.07190346e-01 8.90582434e-02 4.03751410e-01]\n",
      " [4.02674034e-01 3.04496626e-01 2.92829340e-01]\n",
      " [4.42239300e-01 2.33515530e-01 3.24245170e-01]\n",
      " [3.87741170e-01 3.28669889e-01 2.83588942e-01]\n",
      " [3.16839879e-01 4.00866157e-01 2.82293965e-01]\n",
      " [5.03742821e-01 1.01735617e-01 3.94521562e-01]\n",
      " [3.36659300e-01 3.26947553e-01 3.36393147e-01]\n",
      " [4.36139238e-01 2.21803523e-01 3.42057238e-01]\n",
      " [4.04525574e-01 3.02346054e-01 2.93128372e-01]\n",
      " [4.92526784e-01 2.64524262e-04 5.07208692e-01]\n",
      " [3.91623355e-01 2.19054209e-01 3.89322436e-01]\n",
      " [2.76569279e-01 4.32301107e-01 2.91129613e-01]\n",
      " [2.73476499e-01 4.47791554e-01 2.78731947e-01]\n",
      " [2.91371514e-01 4.05368396e-01 3.03260091e-01]\n",
      " [5.02388795e-01 1.89033043e-03 4.95720875e-01]\n",
      " [3.96217545e-01 3.30920890e-01 2.72861565e-01]\n",
      " [4.47519623e-01 1.96219191e-01 3.56261186e-01]\n",
      " [3.75191201e-01 3.45798926e-01 2.79009873e-01]\n",
      " [3.86909266e-01 2.39342028e-01 3.73748706e-01]\n",
      " [3.77807619e-01 2.85709781e-01 3.36482600e-01]\n",
      " [4.98981862e-01 1.36081144e-03 4.99657326e-01]\n",
      " [5.01577728e-01 2.51186304e-03 4.95910409e-01]\n",
      " [3.58925791e-01 2.96831886e-01 3.44242323e-01]\n",
      " [3.89500013e-01 3.36415650e-01 2.74084337e-01]\n",
      " [2.79997773e-01 3.79148378e-01 3.40853849e-01]\n",
      " [3.89979622e-01 3.33395222e-01 2.76625156e-01]\n",
      " [4.02838606e-01 3.13113947e-01 2.84047446e-01]\n",
      " [3.94900921e-01 3.34594993e-01 2.70504086e-01]\n",
      " [3.59659532e-01 3.49024905e-01 2.91315563e-01]\n",
      " [4.12396345e-01 2.99552619e-01 2.88051037e-01]\n",
      " [5.14441415e-01 7.99778291e-02 4.05580756e-01]\n",
      " [3.59786536e-01 3.56318717e-01 2.83894747e-01]\n",
      " [4.95862510e-01 5.94083936e-04 5.03543406e-01]\n",
      " [3.96627183e-01 3.30240246e-01 2.73132571e-01]\n",
      " [3.77705741e-01 3.44090743e-01 2.78203516e-01]\n",
      " [3.70448242e-01 3.52870466e-01 2.76681292e-01]\n",
      " [4.04999464e-01 3.16582875e-01 2.78417661e-01]\n",
      " [3.16496820e-01 4.04577049e-01 2.78926130e-01]\n",
      " [3.84353052e-01 3.41314937e-01 2.74332010e-01]\n",
      " [5.13556812e-01 7.36893195e-02 4.12753868e-01]\n",
      " [3.46760394e-01 3.35831208e-01 3.17408398e-01]\n",
      " [4.04673475e-01 3.04196158e-01 2.91130367e-01]\n",
      " [3.66861873e-01 3.16503654e-01 3.16634473e-01]\n",
      " [3.55725234e-01 3.64946548e-01 2.79328219e-01]\n",
      " [3.96577221e-01 3.27644180e-01 2.75778600e-01]\n",
      " [2.74553014e-01 4.07968811e-01 3.17478174e-01]\n",
      " [4.55450099e-01 1.68685526e-01 3.75864375e-01]\n",
      " [4.06593606e-01 2.87223583e-01 3.06182812e-01]\n",
      " [3.99469643e-01 3.06107667e-01 2.94422690e-01]\n",
      " [4.39184592e-01 2.56373059e-01 3.04442349e-01]\n",
      " [2.79132178e-01 4.32652281e-01 2.88215542e-01]\n",
